total: 20358520

Ace: 	2702879	13.276
Two: 	2589650	12.720
Three: 	2992140	14.697
Four: 	3384972	16.626
Five: 	2270270	11.151
Six: 	3058889	15.025
Seven: 	3794872	18.640
Eight: 	2120744	10.416
Nine:  	3404171	16.721
Ten:  	3683872	18.094
Jack: 	2391554	11.747
Queen: 	3344122	16.426
King: 	3673745	18.045


where both throw cards have same rank: 1305160
where both throw cards have same suit: 4700154


1/52 - 1.923076923076923
1/51 - 1.96078431372549
1/50 - 2
1/49 - 2.040816326530612
1/48 - 2.083333333333333
1/47 - 2.127659574468085